68 
271 
278 
288 
248 
173 
433 
180 
312 
242 
267 
282 
256 
330 
242 
277 
292 
193 
373 
216 
307 
273 
250 
235 
295 
266 
197 
402 
241 
318 
219 
193 
340 
213 
408 
232 
187 
414 
222 
223 
199 
401 
225 
241 
191 
326 
230 
328 
229 
277 
206 
335 
259 
223 
234 
291 
193 
305 
233 
330 
239 
225 
224 
317 
193 
380 
262 
188 
415 
272 
205 
235 
289 
169 
329 
236 
326 
210 
347 
214 
265 
247 
256 
224 
319 
218 
369 
275 
221 
336 
171 
371 
274 
207 
365 
232 
271 
2203 
971 
972 
903 
874 
913 
1028 
911 
895 
1017 
963 
1063 
1066 
1035 
1242 
999 
1000 
973 
1223 
1271 
1173 
1038 
1260 
1119 
1033 
1136 
1077 
1034 
1067 
996 
1211 
1259 
1058 
1072 
1046 
1199 
1134 
1093 
1232 
1061 
914 
1042 
986 
1064 
1300 
1196 
1195 
1231 
1136 
1209 
1198 
1213 
1279 
1241 
1230 
1361 
1588 
1520 
1369 
1203 
1188 
1146 
1359 
1336 
1229 
1264 
