89 
215 
180 
236 
296 
265 
259 
240 
248 
168 
371 
177 
308 
210 
345 
279 
252 
209 
352 
270 
256 
293 
187 
308 
209 
338 
267 
257 
206 
311 
200 
341 
216 
282 
234 
309 
202 
267 
162 
354 
172 
216 
160 
313 
206 
165 
371 
160 
345 
186 
380 
131 
185 
329 
183 
1460 
509 
567 
618 
502 
528 
503 
504 
541 
524 
662 
531 
533 
581 
627 
633 
532 
528 
552 
602 
576 
584 
597 
587 
594 
574 
620 
634 
585 
626 
731 
678 
659 
578 
654 
568 
562 
641 
600 
638 
627 
647 
559 
607 
727 
598 
603 
623 
733 
789 
520 
687 
677 
728 
577 
600 
761 
706 
640 
636 
648 
696 
683 
699 
618 
644 
822 
656 
706 
767 
842 
751 
745 
666 
675 
720 
741 
734 
918 
859 
722 
802 
707 
684 
870 
848 
735 
