164 
130 
298 
268 
172 
329 
247 
279 
279 
184 
411 
256 
233 
205 
308 
217 
318 
246 
243 
210 
301 
212 
315 
214 
314 
234 
301 
246 
267 
189 
288 
188 
380 
161 
361 
201 
236 
210 
192 
386 
184 
301 
238 
249 
183 
379 
219 
309 
217 
339 
262 
181 
419 
266 
216 
213 
250 
167 
397 
211 
276 
209 
345 
219 
301 
181 
295 
214 
347 
212 
293 
280 
239 
237 
297 
192 
380 
230 
164 
438 
193 
312 
227 
287 
222 
301 
240 
265 
215 
317 
213 
312 
246 
273 
220 
298 
214 
301 
194 
324 
220 
287 
229 
276 
210 
352 
286 
227 
230 
298 
222 
313 
264 
211 
215 
320 
210 
313 
257 
274 
228 
300 
181 
344 
219 
302 
225 
271 
218 
294 
219 
334 
265 
235 
176 
324 
1611 
657 
700 
651 
711 
612 
654 
649 
668 
646 
679 
633 
648 
656 
657 
634 
649 
648 
628 
775 
664 
768 
647 
674 
686 
619 
615 
706 
717 
731 
666 
653 
634 
727 
663 
687 
742 
656 
605 
599 
644 
714 
670 
714 
650 
696 
687 
638 
673 
568 
644 
697 
674 
689 
667 
135 
218 
352 
278 
272 
224 
411 
218 
291 
346 
260 
300 
321 
275 
233 
317 
299 
272 
323 
227 
347 
178 
231 
