73 
251 
183 
372 
191 
316 
287 
237 
244 
256 
227 
289 
167 
336 
169 
327 
168 
379 
180 
392 
237 
283 
247 
269 
252 
252 
180 
329 
217 
294 
223 
383 
250 
260 
279 
228 
314 
254 
310 
267 
167 
169 
353 
183 
383 
241 
276 
229 
263 
209 
317 
242 
276 
213 
335 
218 
299 
228 
300 
229 
1312 
594 
592 
560 
578 
613 
739 
513 
527 
562 
500 
656 
600 
614 
632 
588 
633 
598 
196 
109 
317 
317 
267 
327 
285 
237 
193 
320 
218 
200 
310 
280 
288 
307 
232 
205 
345 
378 
215 
237 
326 
236 
281 
277 
283 
315 
282 
275 
241 
383 
213 
274 
238 
300 
372 
187 
246 
262 
312 
298 
274 
382 
195 
285 
275 
368 
221 
324 
272 
348 
255 
267 
342 
223 
289 
327 
324 
284 
234 
298 
227 
416 
211 
248 
339 
234 
339 
303 
226 
247 
271 
299 
302 
271 
243 
362 
276 
271 
318 
316 
268 
377 
354 
294 
231 
307 
294 
266 
301 
266 
241 
328 
291 
341 
309 
290 
317 
311 
310 
347 
260 
305 
279 
269 
289 
287 
270 
394 
322 
316 
331 
325 
311 
278 
362 
298 
328 
314 
288 
294 
290 
304 
342 
268 
351 
324 
306 
307 
321 
284 
281 
280 
341 
333 
319 
295 
257 
357 
316 
286 
279 
323 
295 
301 
295 
284 
314 
285 
289 
308 
284 
311 
317 
315 
324 
304 
276 
279 
389 
268 
302 
316 
309 
388 
320 
369 
326 
293 
328 
256 
306 
313 
361 
264 
304 
334 
300 
380 
266 
241 
333 
380 
257 
367 
280 
275 
308 
389 
334 
389 
333 
303 
331 
320 
309 
386 
292 
320 
289 
357 
299 
296 
313 
364 
271 
307 
316 
307 
309 
349 
286 
345 
324 
297 
369 
233 
297 
350 
349 
292 
303 
336 
338 
304 
361 
268 
333 
307 
315 
417 
275 
379 
271 
312 
334 
364 
406 
349 
325 
340 
297 
329 
350 
281 
368 
308 
383 
333 
334 
392 
250 
315 
356 
336 
317 
311 
374 
362 
287 
323 
379 
300 
349 
349 
385 
294 
310 
336 
360 
357 
337 
334 
326 
338 
353 
369 
326 
370 
366 
327 
380 
320 
393 
280 
331 
326 
371 
358 
338 
355 
324 
315 
406 
333 
337 
359 
358 
280 
354 
406 
330 
371 
308 
328 
333 
363 
349 
342 
419 
368 
419 
281 
341 
379 
347 
474 
366 
260 
