71 
266 
195 
387 
202 
251 
259 
258 
173 
333 
172 
377 
181 
330 
179 
353 
262 
241 
249 
306 
203 
291 
247 
268 
199 
292 
207 
282 
200 
341 
195 
342 
201 
304 
209 
411 
236 
212 
201 
330 
217 
303 
231 
309 
217 
308 
250 
257 
214 
336 
265 
219 
199 
314 
245 
242 
198 
388 
240 
283 
244 
1448 
648 
714 
621 
685 
634 
603 
587 
598 
647 
720 
688 
686 
948 
708 
654 
753 
891 
710 
852 
838 
968 
1013 
1041 
917 
1054 
1033 
1000 
956 
994 
980 
932 
1193 
992 
1184 
1127 
1012 
1073 
1162 
1020 
1140 
1066 
1099 
1146 
1112 
1141 
1205 
1066 
1325 
1062 
1301 
1126 
1291 
1261 
