195 
107 
255 
307 
222 
188 
354 
201 
366 
270 
231 
250 
290 
270 
231 
212 
296 
186 
341 
225 
269 
196 
362 
245 
266 
241 
286 
200 
254 
176 
395 
237 
276 
190 
332 
214 
308 
216 
337 
264 
253 
316 
199 
295 
265 
288 
217 
323 
253 
168 
405 
207 
327 
231 
300 
276 
183 
392 
248 
268 
243 
276 
227 
299 
248 
283 
228 
295 
271 
197 
395 
264 
210 
365 
271 
230 
212 
391 
264 
201 
412 
276 
258 
326 
227 
289 
253 
225 
221 
344 
206 
251 
173 
369 
181 
367 
231 
269 
273 
251 
245 
215 
190 
184 
342 
198 
377 
1721 
677 
754 
676 
720 
756 
685 
742 
704 
742 
619 
636 
790 
728 
702 
822 
1050 
836 
1109 
877 
1042 
908 
933 
847 
840 
822 
833 
730 
770 
668 
835 
660 
757 
645 
636 
694 
755 
743 
720 
714 
678 
687 
725 
721 
744 
796 
985 
1080 
885 
901 
816 
143 
198 
295 
368 
298 
271 
347 
341 
256 
317 
228 
336 
255 
321 
292 
311 
323 
244 
303 
293 
263 
283 
306 
245 
315 
312 
243 
298 
283 
300 
269 
324 
251 
251 
296 
282 
321 
289 
353 
295 
304 
304 
325 
265 
363 
385 
184 
320 
349 
233 
313 
275 
386 
305 
305 
290 
366 
308 
284 
270 
338 
276 
310 
334 
257 
325 
300 
310 
304 
294 
311 
299 
311 
353 
285 
323 
316 
371 
287 
316 
263 
296 
320 
361 
271 
268 
279 
405 
284 
313 
323 
228 
276 
352 
273 
270 
413 
256 
308 
358 
340 
294 
